1146045928
1140904848
1140904728
1140904608
1140904488
1140904368
1140904248
1140904128
1140904008
1140903888
1140903768
1140903648
1140903528
1140903408
1140903048
1140902928
1140902808
1140902688
1140902568
1140902448
1140902328
1140902208
1140902088
1140901968
1140901848
1140901728
1140901608
1140901488
1140901368
1140901248
1140901128
1140901008
1140900888
1140900768
1140900648
1140900528
1140900408
1140900288
1140900168
1140900048
1140899928
1140899808
1140899688
1140899568
1140899448
1140899328
1140899208
1140899088
1140898968
1140898848
1140898728
1140898608
1140898488
1140898368
1140898248
1140898128
1140898008
1140897888
1140897768
1140897648
1140897528
1140897408
1140897288
1140897168
1140897048
1140896928
1140896808
1140896688
1140896568
1140896448
1140896328
1140896208
1140896088
1140895968
1140895848
1140895488
1140895368
1140895248
1140895128
1140895008
1140894888
1140894768
1140894648
1140894528
1140894408
1140894288
1140894168
1140894048
1140893928
1140893808
1140893688
1140893568
1140893448
1140893328
1140893208
1140893088
1140892968
1140892848
1140892728
1140892608
1140892488
1140892368
1140892248
1140892128
1140892008
1140891888
1140891768
1140891648
1140891528
1140891408
1140891288
1140891168
1140891048
1140890928
1140890808
1140890688
1140890568
1140890448
1140890328
1140890208
1140890088
1140889968
1140889848
1140889728
1140889608
1140889488
1140889368
1140889248
1140889128
1140889008
1140888888
1140888768
1140888648
1140888528
1140888408
1140888288
1140887928
1140887808
1140887688
1140887568
1140887448
1140887328
1140887208
1140887088
1140886968
1140886848
1140886728
1140886608
1140886488
1140886368
1140886248
1140886128
1140886008
1140885888
1140885768
1140885648
1140885528
1140885408
1140885288
1140885168
1140885048
1140884928
1140884808
1140884688
1140884568
1140884448
1140884328
1140884208
1140884088
1140883968
1140883848
1140883728
1140883608
1140883488
1140883368
1140883248
1140883128
1140883008
1140882888
1140882768
1140882648
1140882528
1140882408
1140882288
1140882168
1140882048
1140881928
1140881808
1140881688
1140881568
1140881448
1140881328
1140881208
1140881088
1140880968
1140880848
1140880728
1140880368
1140880248
1140880128
1140880008
1140879888
1140879768
1140879648
1140879528
1140879408
1140879288
1140879168
1140879048
1140878928
1140878808
1140878688
1140878568
1140878448
1140878328
1140878208
1140878088
1140877968
1140877848
1140877728
1140877608
1140877488
1140877368
1140877248
1140877128
1140877008
1140876888
1140876768
1140876648
1140876528
1140876408
1140876288
1140876168
1140876048
1140875928
1140875808
1140875688
1140875568
1140875448
1140875328
1140875208
1140875088
1140874968
1140874848
1140874728
1140874608
1140874488
1140874368
1140874248
1140874128
1140874008
1140873888
1140873768
1140873648
1140873528
1140873408
1140873288
1140873168
1140872808
1140872688
1140872568
1140872448
1140872328
1140872208
1140872088
1140871968
1140871848
1140871728
1140871608
1140871488
1140871368
1140871248
1140871128
1140871008
1140870888
1140870768
1140870648
1140870528
1140870408
1140870288
1140870168
1140870048
1140869928
1140869808
1140869688
1140869568
1140869448
1140869328
1140869208
1140869088
1140868968
1140868848
1140868728
1140868608
1140868488
1140868368
1140868248
1140868128
1140868008
1140867888
1140867768
1140867648
1140867528
1140867408
1140867288
1140867168
1140867048
1140866928
1140866808
1140866688
1140866568
1140866448
1140866328
1140866208
1140866088
1140865968
1140865848
1140865728
1140865608
1140865488
1140818504
1140818384
1140818264
1140818144
1140818024
1140817904
1140817784
1140817664
1140817544
1140817424
1140817304
1140817184
1140817064
1140816704
1140816584
1140816464
1140816344
1140816224
1140816104
1140815984
1140815864
1140815744
1140815624
1140815504
1140815384
1140815264
1140815144
1140815024
1140814904
1140814784
1140814664
1140814544
1140814424
1140814304
1140814184
1140814064
1140813944
1140813824
1140813704
1140813584
1140813464
1140813344
1140813224
1140813104
1140812984
1140812864
1140812744
1140812624
1140812504
1140812384
1140812264
1140812144
1140812024
1140811904
1140811784
1140811664
1140811544
1140811424
1140811304
1140811184
1140811064
1140810944
1140810824
1140810704
1140810584
1140810464
1140810344
1140810224
1140810104
1140809984
1140809864
1140809744
1140809624
1140809504
1140809144
1140809024
1140808904
1140808784
1140808664
1140808544
1140808424
1140808304
1140808184
1140808064
1140807944
1140807824
1140807704
1140807584
1140807464
1140807344
1140807224
1140807104
1140806984
1140806864
1140806744
1140806624
1140806504
1140806384
1140806264
1140806144
1140806024
1140805904
1140805784
1140805664
1140805544
1140805424
1140805304
1140805184
1140805064
1140804944
1140804824
1140804704
1140804584
1140804464
1140804344
1140804224
1140804104
1140803984
1140803864
1140803744
1140803624
1140803504
1140803384
1140803264
1140803144
1140803024
1140802904
1140802784
1140802664
1140802544
1140802424
1140802304
1140802184
1140802064
1140801944
1140801584
1140801464
1140801344
1140801224
1140801104
1140800984
1140800864
1140800744
1140800624
1140800504
1140800384
1140800264
1140800144
1140800024
1140799904
1140799784
1140799664
1140799544
1140799424
1140799304
1140799184
1140799064
1140798944
1140798824
1140798704
1140798584
1140798464
1140798344
1140798224
1140798104
1140797984
1140797864
1140797744
1140797624
1140797504
1140797384
1140797264
1140797144
1140797024
1140796904
1140796784
1140796664
1140796544
1140796424
1140796304
1140796184
1140796064
1140795944
1140795824
1140795704
1140795584
1140795464
1140795344
1140795224
1140795104
1140794984
1140794864
1140794744
1140794624
1140794504
1140794384
1140794024
1140793904
1140793784
1140793664
1140793544
1140793424
1140793304
1140793184
1140793064
1140792944
1140792824
1140792704
1140792584
1140792464
1140792344
1140792224
1140792104
1140791984
1140791864
1140791744
1140791624
1140791504
1140791384
1140791264
1140791144
1140791024
1140790904
1140790784
1140790664
1140790544
1140790424
1140790304
1140790184
1140790064
1140789944
1140789824
1140789704
1140789584
1140789464
1140789344
1140789224
1140789104
1140788984
1140788864
1140788744
1140788624
1140788504
1140788384
1140788264
1140788144
1140788024
1140787904
1140787784
1140787664
1140787544
1140787424
1140787304
1140787184
1140787064
1140786944
1140786824
1140786464
1140786344
1140786224
1140786104
1140785984
1140785864
1140785744
1140785624
1140785504
1140785384
1140785264
1140785144
1140785024
1140784904
1140784784
1140784664
1140784544
1140784424
1140784304
1140784184
1140784064
1140783944
1140783824
1140783704
1140783584
1140783464
1140783344
1140783224
1140783104
1140782984
1140782864
1140782744
1140782624
1140782504
1140782384
1140782264
1140782144
1140782024
1140781904
1140781784
1140781664
1140781544
1140781424
1140781304
1140781184
1140781064
1140780944
1140780824
1140780704
1140780584
1140780464
1140780344
1140780224
1140780104
1140779984
1140779864
1140779744
1140779624
1140779504
1140779384
1140779264
1140779144
1138398256
1138398112
1138397992
1138397872
1138397752
1138397632
1138397512
1138397392
1138397272
1138397152
1138397032
1138396912
1138396792
1138396672
1138396552
1138396432
1138396312
1138396192
1138396072
1138395952
1138395832
1138395712
1138395592
1138395472
1138395112
1138394992
1138394872
1138394752
1138394632
1138394512
1138394392
1138394272
1138394152
1138394032
1138393912
1138393792
1138393672
1138393552
1138393432
1138393312
1138393192
1138393072
1138392952
1138392832
1138392712
1138392592
1138392472
1138392352
1138392232
1138392112
1138391992
1138391872
1138391752
1138391632
1138391512
1138391392
1138391272
1138391152
1138391032
1138390912
1138390792
1138390672
1138390552
1138390432
1138390312
1138390192
1138390072
1138389952
1138389832
1138389712
1138389592
1138389472
1138389352
1138389232
1138389112
1138388992
1138388872
1138388752
1138388632
1138388512
1138388392
1138388272
1138388152
1138388032
1138387912
1138387552
1138387432
1138387312
1138387192
1138387072
1138386952
1138386832
1138386712
1138386592
1138386472
1138386352
1138386232
1138386112
1138385992
1138385872
1138385752
1138385632
1138385512
1138385392
1138385272
1138385152
1138385032
1138384912
1138384792
1138384672
1138384552
1138384432
1138384312
1138384192
1138384072
1138383952
1138383832
1138383712
1138383592
1138383472
1138383352
1138383232
1138383112
1138382992
1138382872
1138382752
1138382632
1138382512
1138382392
1138382272
1138382152
1138382032
1138381912
1138381792
1138381672
1138381552
1138381432
1138381312
1138381192
1138381072
1138380952
1138380832
1138380712
1138380592
1138380472
1138380352
1138379992
1138379872
1138379752
1138379632
1138379512
1138379392
1138379272
1138379152
1138379032
1138378912
1138378792
1138378672
1138378552
1138378432
1138378312
1138378192
1138378072
1138377952
1138377832
1138377712
1138377592
1138377472
1138377352
1138377232
1138377112
1138376992
1138376872
1138376752
1138376632
1138376512
1138376392
1138376272
1138376152
1138376032
1138375912
1138375792
1138375672
1138375552
1138375432
1138375312
1138375192
1138375072
1138374952
1138374832
1138374712
1138374592
1138374472
1138374352
1138374232
1138374112
1138373992
1138373872
1138373752
1138373632
1138373512
1138373392
1138373272
1138373152
1138373032
1138372912
1138372792
1138372432
1138372312
1138372192
1138372072
1138371952
1138371832
1138371712
1138371592
1138371472
1138371352
1138371232
1138371112
1138370992
1138370872
1138370752
1138370632
1138370512
1138370392
1138370272
1138370152
1138370032
1138369912
1138369792
1138369672
1138369552
1138369432
1138369312
1138369192
1138369072
1138368952
1138368832
1138368712
1138368592
1138368472
1138368352
1138368232
1138368112
1138367992
1138367872
1138367752
1138367632
1138367512
1138367392
1138367272
1138367152
1138367032
1138366912
1138366792
1138366672
1138366552
1138366432
1138366312
1138366192
1138366072
1138365952
1138365832
1138365712
1138365592
1138365472
1138365352
1138365232
1138365112
1135631776
1135631656
1135631536
1135631416
1135631296
1135631176
1135631056
1135630936
1135630816
1135630696
1135630576
1135630456
1135630336
1135630216
1135630096
1135629976
1135629856
1135629736
1135629616
1135629496
1135629376
1135629256
1135629136
1135629016
1135628896
1135628776
1135628656
1135628536
1135628416
1135628296
1135628176
1135628056
1135627936
1135627816
1135627696
1135627576
1135627456
1135627336
1135627216
1135627096
1135626736
1135626616
1135626496
1135626376
1135626256
1135626136
1135626016
1135625896
1135625776
1135625656
1135625536
1135625416
1135625296
1135625176
1135625056
1135624936
1135624816
1135624696
1135624576
1135624456
1135624336
1135624216
1135624096
1135623976
1135623856
1135623736
1135623616
1135623496
1135623376
1135623256
1135623136
1135623016
1135622896
1135622776
1135622656
1135622536
1135622416
1135622296
1135622176
1135622056
1135621936
1135621816
1135621696
1135621576
1135621456
1135621336
1135621216
1135621096
1135620976
1135620856
1135620736
1135620616
1135620496
1135620376
1135620256
1135620136
1135620016
1135619896
1135619776
1135619656
1135619536
1135619176
1135619056
1135618936
1135618816
1135618696
1135618576
1135618456
1135618336
1135618216
1135618096
1135617976
1135617856
1135617736
1135617616
1135617496
1135617376
1135617256
1135617136
1135617016
1135616896
1135616776
1135616656
1135616536
1135616416
1135616296
1135616176
1135616056
1135615936
1135615816
1135615696
1135615576
1135615456
1135615336
1135615216
1135615096
1135614976
1135614856
1135614736
1135614616
1135614496
1135614376
1135614256
1135614136
1135614016
1135613896
1135613776
1135613656
1135613536
1135613416
1135613296
1135613176
1135613056
1135612936
1135612816
1135612696
1135612576
1135612456
1135612336
1135612216
1135612096
1135611976
1135611616
1135611496
1135611376
1135611256
1135611136
1135611016
1135610896
1135610776
1135610656
1135610536
1135610416
1135610296
1135610176
1135610056
1135609936
1135609816
1135609696
1135609576
1135609456
1135609336
1135609216
1135609096
1135608976
1135608856
1135608736
1135608616
1135608496
1135608376
1135608256
1135608136
1135608016
1135607896
1135607776
1135607656
1135607536
1135607416
1135607296
1135607176
1135607056
1135606936
1135606816
1135606696
1135606576
1135606456
1135606336
1135606216
1135606096
1135605976
1135605856
1135605736
1135605616
1135605496
1135605376
1135605256
1135605136
1135605016
1135604896
1135604776
1135604656
1135604536
1135604416
1135604056
1135603936
1135603816
1135603696
1135603576
1135603456
1135603336
1135603216
1135603096
1135602976
1135602856
1135602736
1135602616
1135602496
1135602376
1135602256
1135602136
1135602016
1135601896
1135601776
1135601656
1135601536
1135601416
1135601296
1135601176
1135601056
1135600936
1135600816
1135600696
1135600576
1135600456
1135600336
1135600216
1135600096
1135599976
1135599856
1135599736
1135599616
1135599496
1135599376
1135599256
1135599136
1135599016
1135598896
1135598776
1135598656
1135598536
1135598416
1135598296
1135598176
1135598056
1135597936
1135597816
1135597696
1135597576
1135597456
1135597336
1135597216
1135597096
1135596976
1135596856
1135596736
1131915832
1131915712
1131915592
1131915472
1131915352
1131915232
1131915112
1131914992
1131914872
1131914752
1131914632
1131914512
1131914392
1131914272
1131914152
1131914032
1131913912
1131913792
1131913672
1131913552
1131913432
1131913312
1131913192
1131913072
1131912952
1131912832
1131912712
1131912592
1131912472
1131912352
1131912232
1131912112
1131911992
1131911872
1131911752
1131911632
1131911512
1131911392
1131911272
1131911152
1131911032
1131910912
1131910792
1131910672
1131910552
1131910432
1131910312
1131910192
1131909832
1131909712
1131909592
1131909472
1131909352
1131909232
1131909112
1131908992
1131908872
1131908752
1131908632
1131908512
1131908392
1131908272
1131908152
1131908032
1131907912
1131907792
1131907672
1131907552
1131907432
1131907312
1131907192
1131907072
1131906952
1131906832
1131906712
1131906592
1131906472
1131906352
1131906232
1131906112
1131905992
1131905872
1131905752
1131905632
1131905512
1131905392
1131905272
1131905152
1131905032
1131904912
1131904792
1131904672
1131904552
1131904432
1131904312
1131904192
1131904072
1131903952
1131903832
1131903712
1131903592
1131903472
1131903352
1131903232
1131903112
1131902992
1131902872
1131902752
1131902632
1131902272
1131902152
1131902032
1131901912
1131901792
1131901672
1131901552
1131901432
1131901312
1131901192
1131901072
1131900952
1131900832
1131900712
1131900592
1131900472
1131900352
1131900232
1131900112
1131899992
1131899872
1131899752
1131899632
1131899512
1131899392
1131899272
1131899152
1131899032
1131898912
1131898792
1131898672
1131898552
1131898432
1131898312
1131898192
1131898072
1131897952
1131897832
1131897712
1131897592
1131897472
1131897352
1131897232
1131897112
1131896992
1131896872
1131896752
1131896632
1131896512
1131896392
1131896272
1131896152
1131896032
1131895912
1131895792
1131895672
1131895552
1131895432
1131895312
1131895192
1131895072
1131894712
1131894592
1131894472
1131894352
1131894232
1131894112
1131893992
1131893872
1131893752
1131893632
1131893512
1131893392
1131893272
1131893152
1131893032
1131892912
1131892792
1131892672
1131892552
1131892432
1131892312
1131892192
1131892072
1131891952
1131891832
1131891712
1131891592
1131891472
1131891352
1131891232
1131891112
1131890992
1131890872
1131890752
1131890632
1131890512
1131890392
1131890272
1131890152
1131890032
1131889912
1131889792
1131889672
1131889552
1131889432
1131889312
1131889192
1131889072
1131888952
1131888832
1131888712
1131888592
1131888472
1131888352
1131888232
1131888112
1131887992
1131887872
1131887752
1131887632
1131887512
1131887152
1131887032
1131886912
1131886792
1131886672
1131886552
1131886432
1131886312
1131886192
1131886072
1131885952
1131885832
1131885712
1131885592
1131885472
1131885352
1131885232
1131885112
1131884992
1131884872
1131884752
1131884632
1131884512
1131884392
1131884272
1131884152
1131884032
1131883912
1131883792
1131883672
1131883552
1131883432
1131883312
1131883192
1131883072
1131882952
1131882832
1131882712
1131882592
1131882472
1131882352
1131882232
1131882112
1131881992
1131881872
1131881752
1131881632
1131881512
1131881392
1131881272
1131881152
1131881032
1131880912
1131880792
1131880672
1131880552
1131880432
1131880312
1131880192
1131880072
1131879952
1131879832
1128286888
1128286768
1128286648
1128286528
1128286408
1128286288
1128286168
1128286048
1128285928
1128285808
1128285688
1128285568
1128285448
1128285328
1128285208
1128285088
1128284968
1128284848
1128284728
1128284608
1128284488
1128284368
1128284248
1128284128
1128284008
1128283888
1128283768
1128283648
1128283528
1128283408
1128283288
1128283168
1128283048
1128282928
1128282808
1128282688
1128282568
1128282448
1128282328
1128282208
1128282088
1128281968
1128281848
1128281728
1128281608
1128281488
1128281368
1128281248
1128280888
1128280768
1128280648
1128280528
1128280408
1128280288
1128280168
1128280048
1128279928
1128279808
1128279688
1128279568
1128279448
1128279328
1128279208
1128279088
1128278968
1128278848
1128278728
1128278608
1128278488
1128278368
1128278248
1128278128
1128278008
1128277888
1128277768
1128277648
1128277528
1128277408
1128277288
1128277168
1128277048
1128276928
1128276808
1128276688
1128276568
1128276448
1128276328
1128276208
1128276088
1128275968
1128275848
1128275728
1128275608
1128275488
1128275368
1128275248
1128275128
1128275008
1128274888
1128274768
1128274648
1128274528
1128274408
1128274288
1128274168
1128274048
1128273928
1128273808
1128273688
1128273328
1128273208
1128273088
1128272968
1128272848
1128272728
1128272608
1128272488
1128272368
1128272248
1128272128
1128272008
1128271888
1128271768
1128271648
1128271528
1128271408
1128271288
1128271168
1128271048
1128270928
1128270808
1128270688
1128270568
1128270448
1128270328
1128270208
1128270088
1128269968
1128269848
1128269728
1128269608
1128269488
1128269368
1128269248
1128269128
1128269008
1128268888
1128268768
1128268648
1128268528
1128268408
1128268288
1128268168
1128268048
1128267928
1128267808
1128267688
1128267568
1128267448
1128267328
1128267208
1128267088
1128266968
1128266848
1128266728
1128266608
1128266488
1128266368
1128266248
1128266128
1128265768
1128265648
1128265528
1128265408
1128265288
1128265168
1128265048
1128264928
1128264808
1128264688
1128264568
1128264448
1128264328
1128264208
1128264088
1128263968
1128263848
1128263728
1128263608
1128263488
1128263368
1128263248
1128263128
1128263008
1128262888
1128262768
1128262648
1128262528
1128262408
1128262288
1128262168
1128262048
1128261928
1128261808
1128261688
1128261568
1128261448
1128261328
1128261208
1128261088
1128260968
1128260848
1128260728
1128260608
1128260488
1128260368
1128260248
1128260128
1128260008
1128259888
1128259768
1128259648
1128259528
1128259408
1128259288
1128259168
1128259048
1128258928
1128258808
1128258688
1128258568
1128258208
1128258088
1128257968
1128257848
1128257728
1128257608
1128257488
1128257368
1128257248
1128257128
1128257008
1128256888
1128256768
1128256648
1128256528
1128256408
1128256288
1128256168
1128256048
1128255928
1128255808
1128255688
1128255568
1128255448
1128255328
1128255208
1128255088
1128254968
1128254848
1128254728
1128254608
1128254488
1128254368
1128254248
1128254128
1128254008
1128253888
1128253768
1128253648
1128253528
1128253408
1128253288
1128253168
1128253048
1128252928
1128252808
1128252688
1128252568
1128252448
1128252328
1128252208
1128252088
1128251968
1128251848
1128251728
1128251608
1128251488
1128251368
1128251248
1128251128
1128251008
1128250888
1124661544
1124661424
1124661304
1124661184
1124661064
1124660944
1124660824
1124660704
1124660584
1124660464
1124660344
1124660224
1124660104
1124659984
1124659864
1124659504
1124659384
1124659264
1124659144
1124659024
1124658904
1124658784
1124658664
1124658544
1124658424
1124658304
1124658184
1124658064
1124657944
1124657824
1124657704
1124657584
1124657464
1124657344
1124657224
1124657104
1124656984
1124656864
1124656744
1124656624
1124656504
1124656384
1124656264
1124656144
1124656024
1124655904
1124655784
1124655664
1124655544
1124655424
1124655304
1124655184
1124655064
1124654944
1124654824
1124654704
1124654584
1124654464
1124654344
1124654224
1124654104
1124653984
1124653864
1124653744
1124653624
1124653504
1124653384
1124653264
1124653144
1124653024
1124652904
1124652784
1124652664
1124652544
1124652424
1124652304
1124651944
1124651824
1124651704
1124651584
1124651464
1124651344
1124651224
1124651104
1124650984
1124650864
1124650744
1124650624
1124650504
1124650384
1124650264
1124650144
1124650024
1124649904
1124649784
1124649664
1124649544
1124649424
1124649304
1124649184
1124649064
1124648944
1124648824
1124648704
1124648584
1124648464
1124648344
1124648224
1124648104
1124647984
1124647864
1124647744
1124647624
1124647504
1124647384
1124647264
1124647144
1124647024
1124646904
1124646784
1124646664
1124646544
1124646424
1124646304
1124646184
1124646064
1124645944
1124645824
1124645704
1124645584
1124645464
1124645344
1124645224
1124645104
1124644984
1124644864
1124644744
1124644384
1124644264
1124644144
1124644024
1124643904
1124643784
1124643664
1124643544
1124643424
1124643304
1124643184
1124643064
1124642944
1124642824
1124642704
1124642584
1124642464
1124642344
1124642224
1124642104
1124641984
1124641864
1124641744
1124641624
1124641504
1124641384
1124641264
1124641144
1124641024
1124640904
1124640784
1124640664
1124640544
1124640424
1124640304
1124640184
1124640064
1124639944
1124639824
1124639704
1124639584
1124639464
1124639344
1124639224
1124639104
1124638984
1124638864
1124638744
1124638624
1124638504
1124638384
1124638264
1124638144
1124638024
1124637904
1124637784
1124637664
1124637544
1124637424
1124637304
1124637184
1124636824
1124636704
1124636584
1124636464
1124636344
1124636224
1124636104
1124635984
1124635864
1124635744
1124635624
1124635504
1124635384
1124635264
1124635144
1124635024
1124634904
1124634784
1124634664
1124634544
1124634424
1124634304
1124634184
1124634064
1124633944
1124633824
1124633704
1124633584
1124633464
1124633344
1124633224
1124633104
1124632984
1124632864
1124632744
1124632624
1124632504
1124632384
1124632264
1124632144
1124632024
1124631904
1124631784
1124631664
1124631544
1124631424
1124631304
1124631184
1124631064
1124630944
1124630824
1124630704
1124630584
1124630464
1124630344
1124630224
1124630104
1124629984
1124629864
1124629744
1124629624
1124629264
1124629144
1124629024
1124628904
1124628784
1124628664
1124628544
1124628424
1124628304
1124628184
1124628064
1124627944
1124627824
1124627704
1124627584
1124627464
1124627344
1124627224
1124627104
1124626984
1124626864
1124626744
1124626624
1124626504
1124626384
1124626264
1124626144
1124626024
1124625904
1124625784
1124625664
1124625544
1124625424
1124625304
1124625184
1124625064
1124624944
1124624824
1124624704
1124624584
1124624464
1124624344
1124624224
1124624104
1124623984
1124623864
1124623744
1124623624
1124623504
1124623384
1124623264
1124623144
1124623024
1124622904
1124622784
1124622664
1124622544
1124622424
1124622304
1124622184
1124622064
1124621944
1121900024
1121899904
1121899784
1121899664
1121899544
1121899424
1121899304
1121899184
1121899064
1121898944
1121898824
1121898704
1121898584
1121898464
1121898104
1121897984
1121897864
1121897744
1121897624
1121897504
1121897384
1121897264
1121897144
1121897024
1121896904
1121896784
1121896664
1121896544
1121896424
1121896304
1121896184
1121896064
1121895944
1121895824
1121895704
1121895584
1121895464
1121895344
1121895224
1121895104
1121894984
1121894864
1121894744
1121894624
1121894504
1121894384
1121894264
1121894144
1121894024
1121893904
1121893784
1121893664
1121893544
1121893424
1121893304
1121893184
1121893064
1121892944
1121892824
1121892704
1121892584
1121892464
1121892344
1121892224
1121892104
1121891984
1121891864
1121891744
1121891624
1121891504
1121891384
1121891264
1121891144
1121891024
1121890904
1121890544
1121890424
1121890304
1121890184
1121890064
1121889944
1121889824
1121889704
1121889584
1121889464
1121889344
1121889224
1121889104
1121888984
1121888864
1121888744
1121888624
1121888504
1121888384
1121888264
1121888144
1121888024
1121887904
1121887784
1121887664
1121887544
1121887424
1121887304
1121887184
1121887064
1121886944
1121886824
1121886704
1121886584
1121886464
1121886344
1121886224
1121886104
1121885984
1121885864
1121885744
1121885624
1121885504
1121885384
1121885264
1121885144
1121885024
1121884904
1121884784
1121884664
1121884544
1121884424
1121884304
1121884184
1121884064
1121883944
1121883824
1121883704
1121883584
1121883464
1121883344
1121882984
1121882864
1121882744
1121882624
1121882504
1121882384
1121882264
1121882144
1121882024
1121881904
1121881784
1121881664
1121881544
1121881424
1121881304
1121881184
1121881064
1121880944
1121880824
1121880704
1121880584
1121880464
1121880344
1121880224
1121880104
1121879984
1121879864
1121879744
1121879624
1121879504
1121879384
1121879264
1121879144
1121879024
1121878904
1121878784
1121878664
1121878544
1121878424
1121878304
1121878184
1121878064
1121877944
1121877824
1121877704
1121877584
1121877464
1121877344
1121877224
1121877104
1121876984
1121876864
1121876744
1121876624
1121876504
1121876384
1121876264
1121876144
1121876024
1121875904
1121875784
1121875424
1121875304
1121875184
1121875064
1121874944
1121874824
1121874704
1121874584
1121874464
1121874344
1121874224
1121874104
1121873984
1121873864
1121873744
1121873624
1121873504
1121873384
1121873264
1121873144
1121873024
1121872904
1121872784
1121872664
1121872544
1121872424
1121872304
1121872184
1121872064
1121871944
1121871824
1121871704
1121871584
1121871464
1121871344
1121871224
1121871104
1121870984
1121870864
1121870744
1121870624
1121870504
1121870384
1121870264
1121870144
1121870024
1121869904
1121869784
1121869664
1121869544
1121869424
1121869304
1121869184
1121869064
1121868944
1121868824
1121868704
1121868584
1121868464
1121868344
1121868224
1121868104
1117752792
1117752672
1117752552
1117752432
1117752312
1117752192
1117752072
1117751952
1117751832
1117751712
1117751592
1117751472
1117751112
1117750992
1117750872
1117750752
1117750632
1117750512
1117750392
1117750272
1117750152
1117750032
1117749912
1117749792
1117749672
1117749552
1117749432
1117749312
1117749192
1117749072
1117748952
1117748832
1117748712
1117748592
1117748472
1117748352
1117748232
1117748112
1117747992
1117747872
1117747752
1117747632
1117747512
1117747392
1117747272
1117747152
1117747032
1117746912
1117746792
1117746672
1117746552
1117746432
1117746312
1117746192
1117746072
1117745952
1117745832
1117745712
1117745592
1117745472
1117745352
1117745232
1117745112
1117744992
1117744872
1117744752
1117744632
1117744512
1117744392
1117744272
1117744152
1117744032
1117743912
1117743552
1117743432
1117743312
1117743192
1117743072
1117742952
1117742832
1117742712
1117742592
1117742472
1117742352
1117742232
1117742112
1117741992
1117741872
1117741752
1117741632
1117741512
1117741392
1117741272
1117741152
1117741032
1117740912
1117740792
1117740672
1117740552
1117740432
1117740312
1117740192
1117740072
1117739952
1117739832
1117739712
1117739592
1117739472
1117739352
1117739232
1117739112
1117738992
1117738872
1117738752
1117738632
1117738512
1117738392
1117738272
1117738152
1117738032
1117737912
1117737792
1117737672
1117737552
1117737432
1117737312
1117737192
1117737072
1117736952
1117736832
1117736712
1117736592
1117736472
1117736352
1117735992
1117735872
1117735752
1117735632
1117735512
1117735392
1117735272
1117735152
1117735032
1117734912
1117734792
1117734672
1117734552
1117734432
1117734312
1117734192
1117734072
1117733952
1117733832
1117733712
1117733592
1117733472
1117733352
1117733232
1117733112
1117732992
1117732872
1117732752
1117732632
1117732512
1117732392
1117732272
1117732152
1117732032
1117731912
1117731792
1117731672
1117731552
1117731432
1117731312
1117731192
1117731072
1117730952
1117730832
1117730712
1117730592
1117730472
1117730352
1117730232
1117730112
1117729992
1117729872
1117729752
1117729632
1117729512
1117729392
1117729272
1117729152
1117729032
1117728912
1117728792
1117728432
1117728312
1117728192
1117728072
1117727952
1117727832
1117727712
1117727592
1117727472
1117727352
1117727232
1117727120
1117727000
1117726880
1117726760
1117726640
1117726520
1117726400
1117726280
1117726152
1117726032
1117725912
1117725792
1117725672
1117725552
1117725432
1117725320
1117725200
1117725080
1117724960
1117724840
1117724720
1117724600
1117724480
1117724352
1117724232
1117724112
1117723992
1117723872
1117723752
1117723632
1117723520
1117723400
1117723280
1117723160
1117723040
1117722920
1117722800
1117722680
1117722552
1117722432
1117722312
1117722192
1117722072
1117721952
1117721832
1117721720
1117721600
1117721480
1117721360
1117721240
1117720880
1117720752
1117720632
1117720512
1117720392
1117720272
1117720152
1117720032
1117719920
1117719800
1117719680
1117719560
1117719440
1117719320
1117719200
1117719080
1117718952
1117718832
1117718712
1117718592
1117718472
1117718352
1117718232
1117718120
1117718000
1117717880
1117717760
1117717640
1117717520
1117717400
1117717280
1117717152
1117717032
1117716912
1117716792
1117716672
1117716552
1117716432
1117716320
1117716200
1117716080
1117715960
1117715840
1117715720
1117715600
1117715480
1117715352
1117715232
1117715112
1117714992
1117714872
1117714752
1117714632
1117714520
1117714400
1117714280
1117714160
1117714040
1117713920
1117713800
1117713680
1117713552
1116715656
1116715536
1116715416
1116715296
1116715176
1116715056
1116714936
1116714816
1116714456
1116714336
1116714216
1116714096
1116713976
1116713856
1116713736
1116713616
1116713496
1116713376
1116713256
1116713136
1116713016
1116712896
1116712776
1116712656
1116712536
1116712416
1116712296
1116712176
1116712056
1116711936
1116711816
1116711696
1116711576
1116711456
1116711336
1116711216
1116711096
1116710976
1116710856
1116710736
1116710616
1116710496
1116710376
1116710256
1116710136
1116710016
1116709896
1116709776
1116709656
1116709536
1116709416
1116709296
1116709176
1116709056
1116708936
1116708816
1116708696
1116708576
1116708456
1116708336
1116708216
1116708096
1116707976
1116707856
1116707736
1116707616
1116707496
1116707376
1116707256
1116706896
1116706776
1116706656
1116706536
1116706416
1116706296
1116706176
1116706056
1116705936
1116705816
1116705696
1116705576
1116705456
1116705336
1116705216
1116705096
1116704976
1116704856
1116704736
1116704616
1116704496
1116704376
1116704256
1116704136
1116704016
1116703896
1116703776
1116703656
1116703536
1116703416
1116703296
1116703176
1116703056
1116702936
1116702816
1116702696
1116702576
1116702456
1116702336
1116702216
1116702096
1116701976
1116701856
1116701736
1116701616
1116701496
1116701376
1116701256
1116701136
1116701016
1116700896
1116700776
1116700656
1116700536
1116700416
1116700296
1116700176
1116700056
1116699936
1116699816
1116699696
1116699336
1116699216
1116699096
1116698976
1116698856
1116698736
1116698616
1116698496
1116698376
1116698256
1116698136
1116698016
1116697896
1116697776
1116697656
1116697536
1116697416
1116697296
1116697176
1116697056
1116696936
1116696816
1116696696
1116696576
1116696456
1116696336
1116696216
1116696096
1116695976
1116695856
1116695736
1116695616
1116695496
1116695376
1116695256
1116695136
1116695016
1116694896
1116694776
1116694656
1116694536
1116694416
1116694296
1116694176
1116694056
1116693936
1116693816
1116693696
1116693576
1116693456
1116693336
1116693216
1116693096
1116692976
1116692856
1116692736
1116692616
1116692496
1116692376
1116692256
1116692136
1116691776
1116691656
1116691536
1116691416
1116691296
1116691176
1116691056
1116690936
1116690816
1116690696
1116690576
1116690456
1116690336
1116690216
1116690096
1116689976
1116689856
1116689736
1116689616
1116689496
1116689376
1116689256
1116689136
1116689016
1116688896
1116688776
1116688656
1116688536
1116688416
1116688296
1116688176
1116688056
1116687936
1116687816
1116687696
1116687576
1116687456
1116687336
1116687216
1116687096
1116686976
1116686856
1116686736
1116686616
1116686496
1116686376
1116686256
1116686136
1116686016
1116685896
1116685776
1116685656
1116685536
1116685416
1116685296
1116685176
1116685056
1116684936
1116684816
1116684696
1116684576
1116684216
1116684096
1116683976
1116683856
1116683736
1116683616
1116683496
1116683376
1116683256
1116683136
1116683016
1116682896
1116682776
1116682656
1116682536
1116682416
1116682296
1116682176
1116682056
1116681936
1116681816
1116681696
1116681576
1116681456
1116681336
1116681216
1116681096
1116680976
1116680856
1116680736
1116680616
1116680496
1116680376
1116680256
1116680136
1116680016
1116679896
1116679776
1116679656
1116679536
1116679416
1116679296
1116679176
1116679056
1116678936
1116678816
1116678696
1116678576
1116678456
1116678336
1116678216
1116678096
1116677976
1116677856
1116677736
1116677616
1116677496
1116677376
1116677256
1116677136
1116677016
1116676896
1113078568
1113078448
1113078328
1113078208
1113078088
1113077968
1113077848
1113077728
1113077608
1113077488
1113077368
1113077248
1113077128
1113077008
1113076888
1113076768
1113076648
1113076528
1113076408
1113076288
1113076168
1113076048
1113075928
1113075808
1113075688
1113075568
1113075448
1113075328
1113075208
1113075088
1113074968
1113074848
1113074728
1113074608
1113074488
1113074368
1113074248
1113074128
1113074008
1113073888
1113073768
1113073648
1113073528
1113073408
1113073288
1113073168
1113073048
1113072928
1113072568
1113072448
1113072328
1113072208
1113072088
1113071968
1113071848
1113071728
1113071608
1113071488
1113071368
1113071248
1113071128
1113071008
1113070888
1113070768
1113070648
1113070528
1113070408
1113070288
1113070168
1113070048
1113069928
1113069808
1113069688
1113069568
1113069448
1113069328
1113069208
1113069088
1113068968
1113068848
1113068728
1113068608
1113068488
1113068368
1113068248
1113068128
1113068008
1113067888
1113067768
1113067648
1113067528
1113067408
1113067288
1113067168
1113067048
1113066928
1113066808
1113066688
1113066568
1113066448
1113066328
1113066208
1113066088
1113065968
1113065848
1113065728
1113065608
1113065488
1113065368
1113065008
1113064888
1113064768
1113064648
1113064528
1113064408
1113064288
1113064168
1113064048
1113063928
1113063808
1113063688
1113063568
1113063448
1113063328
1113063208
1113063088
1113062968
1113062848
1113062728
1113062608
1113062488
1113062368
1113062248
1113062128
1113062008
1113061888
1113061768
1113061648
1113061528
1113061408
1113061288
1113061168
1113061048
1113060928
1113060808
1113060688
1113060568
1113060448
1113060328
1113060208
1113060088
1113059968
1113059848
1113059728
1113059608
1113059488
1113059368
1113059248
1113059128
1113059008
1113058888
1113058768
1113058648
1113058528
1113058408
1113058288
1113058168
1113058048
1113057928
1113057808
1113057448
1113057328
1113057208
1113057088
1113056968
1113056848
1113056728
1113056608
1113056488
1113056368
1113056248
1113056128
1113056008
1113055888
1113055768
1113055648
1113055528
1113055408
1113055288
1113055168
1113055048
1113054928
1113054808
1113054688
1113054568
1113054448
1113054328
1113054208
1113054088
1113053968
1113053848
1113053728
1113053608
1113053488
1113053368
1113053248
1113053128
1113053008
1113052888
1113052768
1113052648
1113052528
1113052408
1113052288
1113052168
1113052048
1113051928
1113051808
1113051688
1113051568
1113051448
1113051328
1113051208
1113051088
1113050968
1113050848
1113050728
1113050608
1113050488
1113050368
1113050248
1113049888
1113049768
1113049648
1113049528
1113049408
1113049288
1113049168
1113049048
1113048928
1113048808
1113048688
1113048568
1113048448
1113048328
1113048208
1113048088
1113047968
1113047848
1113047728
1113047608
1113047488
1113047368
1113047248
1113047128
1113047008
1113046888
1113046768
1113046648
1113046528
1113046408
1113046288
1113046168
1113046048
1113045928
1113045808
1113045688
1113045568
1113045448
1113045328
1113045208
1113045088
1113044968
1113044848
1113044728
1113044608
1113044488
1113044368
1113044248
1113044128
1113044008
1113043888
1113043768
1113043648
1113043528
1113043408
1113043288
1113043168
1113043048
1113042928
1113042808
1113042688
1113042568
1108850240
1108850120
1108850000
1108849880
1108849760
1108849640
1108849520
1108849400
1108849280
1108849160
1108849040
1108848920
1108848800
1108848680
1108848560
1108848440
1108848320
1108848200
1108848080
1108847960
1108847840
1108847720
1108847600
1108847480
1108847360
1108847240
1108847120
1108847000
1108846880
1108846760
1108846640
1108846520
1108846400
1108846280
1108846160
1108846040
1108845920
1108845800
1108845680
1108845560
1108845440
1108845320
1108845200
1108845080
1108844960
1108844840
1108844720
1108844600
1108844240
1108844120
1108844000
1108843880
1108843760
1108843640
1108843520
1108843400
1108843280
1108843160
1108843040
1108842920
1108842800
1108842680
1108842560
1108842440
1108842320
1108842200
1108842080
1108841960
1108841840
1108841720
1108841600
1108841480
1108841360
1108841240
1108841120
1108841000
1108840880
1108840760
1108840640
1108840520
1108840400
1108840280
1108840160
1108840040
1108839920
1108839800
1108839680
1108839560
1108839440
1108839320
1108839200
1108839080
1108838960
1108838840
1108838720
1108838600
1108838480
1108838360
1108838240
1108838120
1108838000
1108837880
1108837760
1108837640
1108837520
1108837400
1108837280
1108837160
1108837040
1108836680
1108836560
1108836440
1108836320
1108836200
1108836080
1108835960
1108835840
1108835720
1108835600
1108835480
1108835360
1108835240
1108835120
1108835000
1108834880
1108834760
1108834640
1108834520
1108834400
1108834280
1108834160
1108834040
1108833920
1108833800
1108833680
1108833560
1108833440
1108833320
1108833200
1108833080
1108832960
1108832840
1108832720
1108832600
1108832480
1108832360
1108832240
1108832120
1108832000
1108831880
1108831760
1108831640
1108831520
1108831400
1108831280
1108831160
1108831040
1108830920
1108830800
1108830680
1108830560
1108830440
1108830320
1108830200
1108830080
1108829960
1108829840
1108829720
1108829600
1108829480
1108829120
1108829000
1108828880
1108828760
1108828640
1108828520
1108828400
1108828280
1108828160
1108828040
1108827920
1108827800
1108827680
1108827560
1108827440
1108827320
1108827200
1108827080
1108826960
1108826840
1108826720
1108826600
1108826480
1108826360
1108826240
1108826120
1108826000
1108825880
1108825760
1108825640
1108825520
1108825400
1108825280
1108825160
1108825040
1108824920
1108824800
1108824680
1108824560
1108824440
1108824320
1108824200
1108824080
1108823960
1108823840
1108823720
1108823600
1108823480
1108823360
1108823240
1108823120
1108823000
1108822880
1108822760
1108822640
1108822520
1108822400
1108822280
1108822160
1108822040
1108821920
1108821560
1108821440
1108821320
1108821200
1108821080
1108820960
1108820840
1108820720
1108820600
1108820480
1108820360
1108820240
1108820120
1108820000
1108819880
1108819760
1108819640
1108819520
1108819400
1108819280
1108819160
1108819040
1108818920
1108818800
1108818680
1108818560
1108818440
1108818320
1108818200
1108818080
1108817960
1108817840
1108817720
1108817600
1108817480
1108817360
1108817240
1108817120
1108817000
1108816880
1108816760
1108816640
1108816520
1108816400
1108816280
1108816160
1108816040
1108815920
1108815800
1108815680
1108815560
1108815440
1108815320
1108815200
1108815080
1108814960
1108814840
1108814720
1108814600
1108814480
1108814360
1108814240
1105825520
1105825400
1105825280
1105825160
1105825040
1105824920
1105824800
1105824680
1105824560
1105824440
1105824320
1105824200
1105824080
1105823960
1105823840
1105823720
1105823600
1105823480
1105823360
1105823240
1105823120
1105823000
1105822880
1105822760
1105822640
1105822520
1105822400
1105822280
1105822160
1105822040
1105821920
1105821800
1105821680
1105821560
1105821440
1105821320
1105821200
1105821080
1105820960
1105820840
1105820720
1105820600
1105820480
1105820360
1105820240
1105820120
1105820000
1105819880
1105819520
1105819400
1105819280
1105819160
1105819040
1105818920
1105818800
1105818680
1105818560
1105818440
1105818320
1105818200
1105818080
1105817960
1105817840
1105817720
1105817600
1105817480
1105817360
1105817240
1105817120
1105817000
1105816880
1105816760
1105816640
1105816520
1105816400
1105816280
1105816160
1105816040
1105815920
1105815800
1105815680
1105815560
1105815440
1105815320
1105815200
1105815080
1105814960
1105814840
1105814720
1105814600
1105814480
1105814360
1105814240
1105814120
1105814000
1105813880
1105813760
1105813640
1105813520
1105813400
1105813280
1105813160
1105813040
1105812920
1105812800
1105812680
1105812560
1105812440
1105812320
1105811960
1105811840
1105811720
1105811600
1105811480
1105811360
1105811240
1105811120
1105811000
1105810880
1105810760
1105810640
1105810520
1105810400
1105810280
1105810160
1105810040
1105809920
1105809800
1105809680
1105809560
1105809440
1105809320
1105809200
1105809080
1105808960
1105808840
1105808720
1105808600
1105808480
1105808360
1105808240
1105808120
1105808000
1105807880
1105807760
1105807640
1105807520
1105807400
1105807280
1105807160
1105807040
1105806920
1105806800
1105806680
1105806560
1105806440
1105806320
1105806200
1105806080
1105805960
1105805840
1105805720
1105805600
1105805480
1105805360
1105805240
1105805120
1105805000
1105804880
1105804760
1105804400
1105804280
1105804160
1105804040
1105803920
1105803800
1105803680
1105803560
1105803440
1105803320
1105803200
1105803080
1105802960
1105802840
1105802720
1105802600
1105802480
1105802360
1105802240
1105802120
1105802000
1105801880
1105801760
1105801640
1105801520
1105801400
1105801280
1105801160
1105801040
1105800920
1105800800
1105800680
1105800560
1105800440
1105800320
1105800200
1105800080
1105799960
1105799840
1105799720
1105799600
1105799480
1105799360
1105799240
1105799120
1105799000
1105798880
1105798760
1105798640
1105798520
1105798400
1105798280
1105798160
1105798040
1105797920
1105797800
1105797680
1105797560
1105797440
1105797320
1105797200
1105796840
1105796720
1105796600
1105796480
1105796360
1105796240
1105796120
1105796000
1105795880
1105795760
1105795640
1105795520
1105795400
1105795280
1105795160
1105795040
1105794920
1105794800
1105794680
1105794560
1105794440
1105794320
1105794200
1105794080
1105793960
1105793840
1105793720
1105793600
1105793480
1105793360
1105793240
1105793120
1105793000
1105792880
1105792760
1105792640
1105792520
1105792400
1105792280
1105792160
1105792040
1105791920
1105791800
1105791680
1105791560
1105791320
1105791200
1105791080
1105790960
1105790840
1105790720
1105790600
1105790480
1105790360
1105790240
1105790120
1105790000
1105789880
1105789760
1105789640
1105789520
1100380192
1100380072
1100379952
1100379832
1100379712
1100379592
1100379472
1100379352
1100379232
1100379112
1100378992
1100378872
1100378752
1100378632
1100378512
1100378392
1100378272
1100378152
1100378032
1100377912
1100377792
1100377672
1100377552
1100377432
1100377312
1100377192
1100377072
1100376952
1100376832
1100376712
1100376592
1100376472
1100376352
1100376232
1100376112
1100375992
1100375872
1100375752
1100375632
1100375512
1100375392
1100375032
1100374912
1100374792
1100374672
1100374552
1100374432
1100374312
1100374192
1100374072
1100373952
1100373832
1100373712
1100373592
1100373472
1100373352
1100373232
1100373112
1100372992
1100372872
1100372752
1100372632
1100372512
1100372392
1100372272
1100372152
1100372032
1100371912
1100371792
1100371672
1100371552
1100371432
1100371312
1100371192
1100371072
1100370952
1100370832
1100370712
1100370592
1100370472
1100370352
1100370232
1100370112
1100369992
1100369872
1100369752
1100369632
1100369512
1100369392
1100369272
1100369152
1100369032
1100368912
1100368792
1100368672
1100368552
1100368432
1100368312
1100368192
1100368072
1100367952
1100367832
1100367472
1100367352
1100367232
1100367112
1100366992
1100366872
1100366752
1100366632
1100366512
1100366392
1100366272
1100366152
1100366032
1100365912
1100365792
1100365672
1100365552
1100365432
1100365312
1100365192
1100365072
1100364952
1100364832
1100364712
1100364592
1100364472
1100364352
1100364232
1100364112
1100363992
1100363872
1100363752
1100363632
1100363512
1100363392
1100363272
1100363152
1100363032
1100362912
1100362792
1100362672
1100362552
1100362432
1100362312
1100362192
1100362072
1100361952
1100361832
1100361712
1100361592
1100361472
1100361352
1100361232
1100361112
1100360992
1100360872
1100360752
1100360632
1100360512
1100360392
1100360272
1100359912
1100359792
1100359672
1100359552
1100359432
1100359312
1100359192
1100359072
1100358952
1100358832
1100358712
1100358592
1100358472
1100358352
1100358232
1100358112
1100357992
1100357872
1100357752
1100357632
1100357512
1100357392
1100357272
1100357152
1100357032
1100356912
1100356792
1100356672
1100356552
1100356432
1100356312
1100356192
1100356072
1100355952
1100355832
1100355712
1100355592
1100355472
1100355352
1100355232
1100355112
1100354992
1100354872
1100354752
1100354632
1100354512
1100354392
1100354272
1100354152
1100354032
1100353912
1100353792
1100353672
1100353552
1100353432
1100353312
1100353192
1100353072
1100352952
1100352832
1100352712
1100352352
1100352232
1100352112
1100351992
1100351872
1100351752
1100351632
1100351512
1100351392
1100351272
1100351152
1100351032
1100350912
1100350792
1100350672
1100350552
1100350432
1100350312
1100350192
1100350072
1100349952
1100349832
1100349712
1100349592
1100349472
1100349352
1100349232
1100349112
1100348992
1100348872
1100348752
1100348632
1100348512
1100348392
1100348272
1100348152
1100348032
1100347912
1100347792
1100347672
1100347552
1100347432
1100347312
1100347192
1100347072
1100346952
1100346832
1100346712
1100346592
1100346472
1100346352
1100346232
1100346112
1100345992
1100345872
1100345752
1100345632
1100345512
1100345392
1100345272
1100345152
1100345032
1096751368
1096751248
1096751128
1096751008
1096750888
1096750768
1096750648
1096750528
1096750408
1096750288
1096750168
1096750048
1096749928
1096749808
1096749688
1096749568
1096749448
1096749328
1096749208
1096749088
1096748968
1096748848
1096748728
1096748608
1096748488
1096748368
1096748248
1096748128
1096748008
1096747888
1096747768
1096747648
1096747528
1096747408
1096747288
1096747168
1096747048
1096746928
1096746808
1096746688
1096746568
1096746448
1096746328
1096746208
1096746088
1096745968
1096745848
1096745728
1096745368
1096745248
1096745128
1096745008
1096744888
1096744768
1096744648
1096744528
1096744408
1096744288
1096744168
1096744048
1096743928
1096743808
1096743688
1096743568
1096743448
1096743328
1096743208
1096743088
1096742968
1096742848
1096742728
1096742608
1096742488
1096742368
1096742248
1096742128
1096742008
1096741888
1096741768
1096741648
1096741528
1096741408
1096741288
1096741168
1096741048
1096740928
1096740808
1096740688
1096740568
1096740448
1096740328
1096740208
1096740088
1096739968
1096739848
1096739728
1096739608
1096739488
1096739368
1096739248
1096739128
1096739008
1096738888
1096738768
1096738648
1096738528
1096738408
1096738288
1096738168
1096737808
1096737688
1096737568
1096737448
1096737328
1096737208
1096737088
1096736968
1096736848
1096736728
1096736608
1096736488
1096736368
1096736248
1096736128
1096736008
1096735888
1096735768
1096735648
1096735528
1096735408
1096735288
1096735168
1096735048
1096734928
1096734808
1096734688
1096734568
1096734448
1096734328
1096734208
1096734088
1096733968
1096733848
1096733728
1096733608
1096733488
1096733368
1096733248
1096733128
1096733008
1096732888
1096732768
1096732648
1096732528
1096732408
1096732288
1096732168
1096732048
1096731928
1096731808
1096731688
1096731568
1096731448
1096731328
1096731208
1096731088
1096730968
1096730848
1096730728
1096730608
1096730248
1096730128
1096730008
1096729888
1096729768
1096729648
1096729528
1096729408
1096729288
1096729168
1096729048
1096728928
1096728808
1096728688
1096728568
1096728448
1096728328
1096728208
1096728088
1096727968
1096727848
1096727728
1096727608
1096727488
1096727368
1096727248
1096727128
1096727008
1096726888
1096726768
1096726648
1096726528
1096726408
1096726288
1096726168
1096726048
1096725928
1096725808
1096725688
1096725568
1096725448
1096725328
1096725208
1096725088
1096724968
1096724848
1096724728
1096724608
1096724488
1096724368
1096724248
1096724128
1096724008
1096723888
1096723768
1096723648
1096723528
1096723408
1096723288
1096723168
1096723048
1096722688
1096722568
1096722448
1096722328
1096722208
1096722088
1096721968
1096721848
1096721728
1096721608
1096721488
1096721368
1096721248
1096721128
1096721008
1096720888
1096720768
1096720648
1096720528
1096720408
1096720288
1096720168
1096720048
1096719928
1096719808
1096719688
1096719568
1096719448
1096719328
1096719208
1096719088
1096718968
1096718848
1096718728
1096718608
1096718488
1096718368
1096718248
1096718128
1096718008
1096717888
1096717768
1096717648
1096717528
1096717408
1096717288
1096717168
1096717048
1096716928
1096716808
1096716688
1096716568
1096716448
1096716328
1096716208
1096716088
1096715968
1096715848
1096715728
1096715608
1096715488
1096715368
1093121704
1093121584
1093121464
1093121344
1093121224
1093121104
1093120984
1093120864
1093120744
1093120624
1093120504
1093120384
1093120264
1093120144
1093120024
1093119904
1093119784
1093119664
1093119544
1093119424
1093119304
1093119184
1093119064
1093118944
1093118824
1093118704
1093118584
1093118464
1093118344
1093118224
1093118104
1093117984
1093117864
1093117744
1093117624
1093117504
1093117384
1093117264
1093117144
1093117024
1093116904
1093116784
1093116664
1093116544
1093116424
1093116304
1093116184
1093116064
1093115704
1093115584
1093115464
1093115344
1093115224
1093115104
1093114984
1093114864
1093114744
1093114624
1093114504
1093114384
1093114264
1093114144
1093114024
1093113904
1093113784
1093113664
1093113544
1093113424
1093113304
1093113184
1093113064
1093112944
1093112824
1093112704
1093112584
1093112464
1093112344
1093112224
1093112104
1093111984
1093111864
1093111744
1093111624
1093111504
1093111384
1093111264
1093111144
1093111024
1093110904
1093110784
1093110664
1093110544
1093110424
1093110304
1093110184
1093110064
1093109944
1093109824
1093109704
1093109584
1093109464
1093109344
1093109224
1093109104
1093108984
1093108864
1093108744
1093108624
1093108504
1093108144
1093108024
1093107904
1093107784
1093107664
1093107544
1093107424
1093107304
1093107184
1093107064
1093106944
1093106824
1093106704
1093106584
1093106464
1093106344
1093106224
1093106104
1093105984
1093105864
1093105744
1093105624
1093105504
1093105384
1093105264
1093105144
1093105024
1093104904
1093104784
1093104664
1093104544
1093104424
1093104304
1093104184
1093104064
1093103944
1093103824
1093103704
1093103584
1093103464
1093103344
1093103224
1093103104
1093102984
1093102864
1093102744
1093102624
1093102504
1093102384
1093102264
1093102144
1093102024
1093101904
1093101784
1093101664
1093101544
1093101424
1093101304
1093101184
1093101064
1093100944
1093100584
1093100464
1093100344
1093100224
1093100104
1093099984
1093099864
1093099744
1093099624
1093099504
1093099384
1093099264
1093099144
1093099024
1093098904
1093098784
1093098664
1093098544
1093098424
1093098304
1093098184
1093098064
1093097944
1093097824
1093097704
1093097584
1093097464
1093097344
1093097224
1093097104
1093096984
1093096864
1093096744
1093096624
1093096504
1093096384
1093096264
1093096144
1093096024
1093095904
1093095784
1093095664
1093095544
1093095424
1093095304
1093095184
1093095064
1093094944
1093094824
1093094704
1093094584
1093094464
1093094344
1093094224
1093094104
1093093984
1093093864
1093093744
1093093624
1093093504
1093093384
1093093024
1093092904
1093092784
1093092664
1093092544
1093092424
1093092304
1093092184
1093092064
1093091944
1093091824
1093091704
1093091584
1093091464
1093091344
1093091224
1093091104
1093090984
1093090864
1093090744
1093090624
1093090504
1093090384
1093090264
1093090144
1093090024
1093089904
1093089784
1093089664
1093089544
1093089424
1093089304
1093089184
1093089064
1093088944
1093088824
1093088704
1093088584
1093088464
1093088344
1093088224
1093088104
1093087984
1093087864
1093087744
1093087624
1093087504
1093087384
1093087264
1093087144
1093087024
1093086904
1093086784
1093086664
1093086544
1093086424
1093086304
1093086184
1093086064
1093085944
1093085824
1093085704
1089492040
1089491920
1089491800
1089491680
1089491560
1089491440
1089491320
1089491200
1089491080
1089490960
1089490840
1089490720
1089490600
1089490480
1089490360
1089490240
1089490120
1089490000
1089489880
1089489760
1089489640
1089489520
1089489400
1089489280
1089489160
1089489040
1089488920
1089488800
1089488680
1089488560
1089488440
1089488320
1089488200
1089488080
1089487960
1089487840
1089487720
1089487600
1089487480
1089487360
1089487240
1089487120
1089487000
1089486880
1089486760
1089486640
1089486520
1089486400
1089486040
1089485920
1089485800
1089485680
1089485560
1089485440
1089485320
1089485200
1089485080
1089484960
1089484840
1089484720
1089484600
1089484480
1089484360
1089484240
1089484120
1089484000
1089483880
1089483760
1089483640
1089483520
1089483400
1089483280
1089483160
1089483040
1089482920
1089482800
1089482680
1089482560
1089482440
1089482320
1089482200
1089482080
1089481960
1089481840
1089481720
1089481600
1089481480
1089481360
1089481240
1089481120
1089481000
1089480880
1089480760
1089480640
1089480520
1089480400
1089480280
1089480160
1089480040
1089479920
1089479800
1089479680
1089479560
1089479440
1089479320
1089479200
1089479080
1089478960
1089478840
1089478480
1089478360
1089478240
1089478120
1089478000
1089477880
1089477760
1089477640
1089477520
1089477400
1089477280
1089477160
1089477040
1089476920
1089476800
1089476680
1089476560
1089476440
1089476320
1089476200
1089476080
1089475960
1089475840
1089475720
1089475600
1089475480
1089475360
1089475240
1089475120
1089475000
1089474880
1089474760
1089474640
1089474520
1089474400
1089474280
1089474160
1089474040
1089473920
1089473800
1089473680
1089473560
1089473440
1089473320
1089473200
1089473080
1089472960
1089472840
1089472720
1089472600
1089472480
1089472360
1089472240
1089472120
1089472000
1089471880
1089471760
1089471640
1089471520
1089471400
1089471280
1089470920
1089470800
1089470680
1089470560
1089470440
1089470320
1089470200
1089470080
1089469960
1089469840
1089469720
1089469600
1089469480
1089469360
1089469240
1089469120
1089469000
1089468880
1089468760
1089468640
1089468520
1089468400
1089468280
1089468160
1089468040
1089467920
1089467800
1089467680
1089467560
1089467440
1089467320
1089467200
1089467080
1089466960
1089466840
1089466720
1089466600
1089466480
1089466360
1089466240
1089466120
1089466000
1089465880
1089465760
1089465640
1089465520
1089465400
1089465280
1089465160
1089465040
1089464920
1089464800
1089464680
1089464560
1089464440
1089464320
1089464200
1089464080
1089463960
1089463840
1089463720
1089463360
1089463240
1089463120
1089463000
1089462880
1089462760
1089462640
1089462520
1089462400
1089462280
1089462160
1089462040
1089461920
1089461800
1089461680
1089461560
1089461440
1089461320
1089461200
1089461080
1089460960
1089460840
1089460720
1089460600
1089460480
1089460360
1089460240
1089460120
1089460000
1089459880
1089459760
1089459640
1089459520
1089459400
1089459280
1089459160
1089459040
1089458920
1089458800
1089458680
1089458560
1089458440
1089458320
1089458200
1089458080
1089457960
1089457840
1089457720
1089457600
1089457480
1089457360
1089457240
1089457120
1089457000
1089456880
1089456760
1089456640
1089456520
1089456400
1089456280
1089456160
1089456040
1088188800
1088188680
1088188560
1088188440
1088188320
1088188200
1088188080
1088187960
1088187840
1088187720
1088187600
1088187480
1088187360
1088187240
1088187120
1088187000
1088186880
1088186760
1088186400
1088186280
1088186160
1088186040
1088185920
1088185800
1088185680
1088185560
1088185440
1088185320
1088185200
1088185080
1088184960
1088184840
1088184720
1088184600
1088184480
1088184360
1088184240
1088184120
1088184000
1088183880
1088183760
1088183640
1088183520
1088183400
1088183280
1088183160
1088183040
1088182920
1088182800
1088182680
1088182560
1088182440
1088182320
1088182200
1088182080
1088181960
1088181840
1088181720
1088181600
1088181480
1088181360
1088181240
1088181120
1088181000
1088180880
1088180760
1088180640
1088180520
1088180400
1088180280
1088180160
1088180040
1088179920
1088179800
1088179680
1088179560
1088179440
1088179320
1088179200
1088178840
1088178720
1088178600
1088178480
1088178360
1088178240
1088178120
1088178000
1088177880
1088177760
1088177640
1088177520
1088177400
1088177280
1088177160
1088177040
1088176920
1088176800
1088176680
1088176560
1088176440
1088176320
1088176200
1088176080
1088175960
1088175840
1088175720
1088175600
1088175480
1088175360
1088175240
1088175120
1088175000
1088174880
1088174760
1088174640
1088174520
1088174400
1088174280
1088174160
1088174040
1088173920
1088173800
1088173680
1088173560
1088173440
1088173320
1088173200
1088173080
1088172960
1088172840
1088172720
1088172600
1088172480
1088172360
1088172240
1088172120
1088172000
1088171880
1088171760
1088171640
1088171280
1088171160
1088171040
1088170920
1088170800
1088170680
1088170560
1088170440
1088170320
1088170200
1088170080
1088169960
1088169840
1088169720
1088169600
1088169480
1088169360
1088169240
1088169120
1088169000
1088168880
1088168760
1088168640
1088168520
1088168400
1088168280
1088168160
1088168040
1088167920
1088167800
1088167680
1088167560
1088167440
1088167320
1088167200
1088167080
1088166960
1088166840
1088166720
1088166600
1088166480
1088166360
1088166240
1088166120
1088166000
1088165880
1088165760
1088165640
1088165520
1088165400
1088165280
1088165160
1088165040
1088164920
1088164800
1088164680
1088164560
1088164440
1088164320
1088164200
1088164080
1088163720
1088163600
1088163480
1088163360
1088163240
1088163120
1088163000
1088162880
1088162760
1088162640
1088162520
1088162400
1088162280
1088162160
1088162040
1088161920
1088161800
1088161680
1088161560
1088161440
1088161320
1088161200
1088161080
1088160960
1088160840
1088160720
1088160600
1088160480
1088160360
1088160240
1088160120
1088160000
1088159880
1088159760
1088159640
1088159520
1088159400
1088159280
1088159160
1088159040
1088158920
1088158800
1088158680
1088158560
1088158440
1088158320
1088158200
1088158080
1088157960
1088157840
1088157720
1088157600
1088157480
1088157360
1088157240
1088157120
1088157000
1088156880
1088156760
1088156640
1088156520
1088156400
1082753296
1082753176
1082753048
1082752936
1082752808
1082752696
1082752568
1082752456
1082752328
1082752216
1082752096
1082751976
1082751856
1082751736
1082751616
1082751496
1082751376
1082751248
1082751136
1082751008
1082750896
1082750768
1082750656
1082750528
1082750416
1082750296
1082750176
1082750056
1082749936
1082749816
1082749696
1082749576
1082749448
1082749336
1082749208
1082749096
1082748968
1082748856
1082748728
1082748616
1082748496
1082748376
1082748256
1082748136
1082748016
1082747896
1082747776
1082747648
1082747536
1082747168
1082747056
1082746928
1082746816
1082746696
1082746576
1082746456
1082746336
1082746216
1082746096
1082745976
1082745848
1082745736
1082745608
1082745496
1082745368
1082745256
1082745128
1082745016
1082744896
1082744776
1082744656
1082744536
1082744416
1082744296
1082744176
1082744048
1082743936
1082743808
1082743696
1082743568
1082743456
1082743328
1082743216
1082743096
1082742976
1082742856
1082742736
1082742616
1082742496
1082742376
1082742248
1082742136
1082742008
1082741896
1082741768
1082741656
1082741528
1082741416
1082741296
1082741176
1082741056
1082740936
1082740816
1082740696
1082740576
1082740448
1082740336
1082740208
1082740096
1082739968
1082739616
1082739496
1082739376
1082739256
1082739136
1082739016
1082738896
1082738776
1082738648
1082738536
1082738408
1082738296
1082738168
1082738056
1082737928
1082737816
1082737696
1082737576
1082737456
1082737336
1082737216
1082737096
1082736976
1082736848
1082736736
1082736608
1082736496
1082736368
1082736256
1082736128
1082736008
1082735896
1082735776
1082735656
1082735536
1082735416
1082735296
1082735176
1082735056
1082734936
1082734816
1082734696
1082734576
1082734456
1082734336
1082734208
1082734096
1082733976
1082733856
1082733736
1082733616
1082733496
1082733376
1082733256
1082733136
1082733016
1082732896
1082732776
1082732656
1082732536
1082732408
1082732056
1082731936
1082731816
1082731696
1082731576
1082731456
1082731336
1082731216
1082731096
1082730976
1082730856
1082730736
1082730608
1082730496
1082730376
1082730256
1082730136
1082730016
1082729896
1082729776
1082729656
1082729536
1082729416
1082729296
1082729176
1082729056
1082728936
1082728808
1082728696
1082728576
1082728456
1082728336
1082728216
1082728096
1082727976
1082727856
1082727736
1082727616
1082727496
1082727376
1082727256
1082727136
1082727008
1082726896
1082726776
1082726656
1082726536
1082726416
1082726296
1082726176
1082726056
1082725936
1082725816
1082725696
1082725576
1082725456
1082725336
1082725208
1082725096
1082724976
1082724856
1082724496
1082724376
1082724256
1082724136
1082724016
1082723896
1082723776
1082723656
1082723536
1082723408
1082723296
1082723176
1082723056
1082722936
1082722816
1082722696
1082722576
1082722456
1082722336
1082722216
1082722096
1082721976
1082721856
1082721736
1082721608
1082721496
1082721376
1082721256
1082721136
1082721016
1082720896
1082720776
1082720656
1082720536
1082720416
1082720296
1082720176
1082720056
1082719936
1082719808
1082719696
1082719576
1082719456
1082719336
1082719216
1082719096
1082718976
1082718856
1082718736
1082718616
1082718496
1082718376
1082718256
1082718136
1082718008
1082717896
1082717776
1082717656
1082717536
1082717416
1082717296
1082716392
1080335312
1080335192
1080335072
1080334952
1080334832
1080334712
1080334592
1080334472
1080334352
1080334232
1080334112
1080333992
1080333872
1080333752
1080333632
1080333512
1080333392
1080333272
1080333152
1080333032
1080332912
1080332792
1080332672
1080332552
1080332432
1080332312
1080332192
1080332072
1080331952
1080331832
1080331712
1080331592
1080331472
1080331352
1080331232
1080331112
1080330992
1080330872
1080330752
1080330632
1080330512
1080330392
1080330272
1080330152
1080330032
1080329912
1080329792
1080329672
1080329552
1080329192
1080329072
1080328952
1080328832
1080328712
1080328592
1080328472
1080328352
1080328232
1080328112
1080327992
1080327872
1080327752
1080327632
1080327512
1080327392
1080327272
1080327152
1080327032
1080326912
1080326792
1080326672
1080326552
1080326432
1080326312
1080326192
1080326072
1080325952
1080325832
1080325712
1080325592
1080325472
1080325352
1080325232
1080325112
1080324992
1080324872
1080324752
1080324632
1080324512
1080324392
1080324272
1080324152
1080324032
1080323912
1080323792
1080323672
1080323552
1080323432
1080323312
1080323192
1080323072
1080322952
1080322832
1080322712
1080322592
1080322472
1080322352
1080322232
1080322112
1080321992
1080321632
1080321512
1080321392
1080321272
1080321152
1080321032
1080320912
1080320792
1080320672
1080320552
1080320432
1080320312
1080320192
1080320072
1080319952
1080319832
1080319712
1080319592
1080319472
1080319352
1080319232
1080319112
1080318992
1080318872
1080318752
1080318632
1080318512
1080318392
1080318272
1080318152
1080318032
1080317912
1080317792
1080317672
1080317552
1080317432
1080317312
1080317192
1080317072
1080316952
1080316832
1080316712
1080316592
1080316472
1080316352
1080316232
1080316112
1080315992
1080315872
1080315752
1080315632
1080315512
1080315392
1080315272
1080315152
1080315032
1080314912
1080314792
1080314672
1080314552
1080314432
1080314072
1080313952
1080313832
1080313712
1080313592
1080313472
1080313352
1080313232
1080313112
1080312992
1080312872
1080312752
1080312632
1080312512
1080312392
1080312272
1080312152
1080312032
1080311912
1080311792
1080311672
1080311552
1080311432
1080311312
1080311192
1080311072
1080310952
1080310832
1080310712
1080310592
1080310472
1080310352
1080310232
1080310112
1080309992
1080309872
1080309752
1080309632
1080309512
1080309392
1080309272
1080309152
1080309032
1080308912
1080308792
1080308672
1080308552
1080308432
1080308312
1080308192
1080308072
1080307952
1080307832
1080307712
1080307592
1080307472
1080307352
1080307232
1080307112
1080306992
1080306872
1080306512
1080306392
1080306272
1080306152
1080306032
1080305912
1080305792
1080305672
1080305552
1080305432
1080305312
1080305192
1080305072
1080304952
1080304832
1080304712
1080304592
1080304472
1080304352
1080304232
1080304112
1080303992
1080303872
1080303752
1080303632
1080303512
1080303392
1080303272
1080303152
1080303032
1080302912
1080302792
1080302672
1080302552
1080302432
1080302312
1080302192
1080302072
1080301952
1080301832
1080301712
1080301592
1080301472
1080301352
1080301232
1080301112
1080300992
1080300872
1080300752
1080300632
1080300512
1080300392
1080300272
1080300152
1080300032
1080299912
1080299792
1080299672
1080299552
1080299432
1080299312
1080298952
1080298096
1076102384
1076102264
1076102144
1076102024
1076101904
1076101784
1076101664
1076101544
1076101424
1076101304
1076101184
1076101064
1076100944
1076100824
1076100704
1076100584
1076100464
1076100344
1076100224
1076100104
1076099984
1076099864
1076099744
1076099624
1076099504
1076099384
1076099264
1076099144
1076099024
1076098904
1076098784
1076098664
1076098544
1076098424
1076098304
1076098184
1076098064
1076097944
1076097824
1076097704
1076097584
1076097464
1076097344
1076097224
1076097104
1076096984
1076096864
1076096744
1076096384
1076096264
1076096144
1076096024
1076095904
1076095784
1076095664
1076095544
1076095424
1076095304
1076095184
1076095064
1076094944
1076094824
1076094704
1076094584
1076094464
1076094344
1076094224
1076094104
1076093984
1076093864
1076093744
1076093624
1076093504
1076093384
1076093264
1076093144
1076093024
1076092904
1076092784
1076092664
1076092544
1076092424
1076092304
1076092184
1076092064
1076091944
1076091824
1076091704
1076091584
1076091464
1076091344
1076091224
1076091104
1076090984
1076090864
1076090744
1076090624
1076090504
1076090384
1076090264
1076090144
1076090024
1076089904
1076089784
1076089664
1076089544
1076089424
1076089304
1076089184
1076088824
1076088704
1076088584
1076088464
1076088344
1076088224
1076088104
1076087984
1076087864
1076087744
1076087624
1076087504
1076087384
1076087264
1076087144
1076087024
1076086904
1076086784
1076086664
1076086544
1076086424
1076086304
1076086184
1076086064
1076085944
1076085824
1076085704
1076085584
1076085464
1076085344
1076085224
1076085104
1076084984
1076084864
1076084744
1076084624
1076084504
1076084384
1076084264
1076084144
1076084024
1076083904
1076083784
1076083664
1076083544
1076083424
1076083304
1076083184
1076083064
1076082944
1076082824
1076082704
1076082584
1076082464
1076082344
1076082224
1076082104
1076081984
1076081864
1076081744
1076081624
1076081264
1076081144
1076081024
1076080904
1076080784
1076080664
1076080544
1076080424
1076080304
1076080184
1076080064
1076079944
1076079824
1076079704
1076079584
1076079464
1076079344
1076079224
1076079104
1076078984
1076078864
1076078744
1076078624
1076078504
1076078384
1076078264
1076078144
1076078024
1076077904
1076077784
1076077664
1076077544
1076077424
1076077304
1076077184
1076077064
1076076944
1076076824
1076076704
1076076584
1076076464
1076076344
1076076224
1076076104
1076075984
1076075864
1076075744
1076075624
1076075504
1076075384
1076075264
1076075144
1076075024
1076074904
1076074784
1076074664
1076074544
1076074424
1076074304
1076074184
1076074064
1076073704
1076073584
1076073464
1076073344
1076073224
1076073104
1076072984
1076072864
1076072744
1076072624
1076072504
1076072384
1076072264
1076072144
1076072024
1076071904
1076071784
1076071664
1076071544
1076071424
1076071304
1076071184
1076071064
1076070944
1076070824
1076070704
1076070584
1076070464
1076070344
1076070224
1076070104
1076069984
1076069864
1076069744
1076069624
1076069544
1076069384
1076069264
1076069144
1076069024
1076068904
1076068784
1076068664
1076068544
1076068424
1076068304
1076068184
1076068064
1076067944
1076067824
1076067704
1076067584
1076067464
1076067344
1076067224
1076067104
1076066984
1076066864
1076066744
1076066624
1076066504
1076066144
1070396184
1070395784
1070395664
1070395544
1070395424
1070395304
1070395184
1070395064
1070394944
1070394824
1070394704
1070394584
1070394464
1070394344
1070394224
1070394104
1070393984
1070393864
1070393744
1070393624
1070393504
1070393384
1070393264
1070393144
1070393024
1070392904
1070392784
1070392664
1070392544
1070392424
1070392304
1070392184
1070392064
1070391944
1070391824
1070391704
1070391584
1070391464
1070391344
1070391224
1070391104
1070390984
1070390864
1070390744
1070390624
1070390504
1070390384
1070390264
1070390144
1070390024
1070389904
1070389784
1070389424
1070389304
1070389184
1070389064
1070388944
1070388824
1070388704
1070388584
1070388464
1070388344
1070388224
1070388104
1070387984
1070387864
1070387744
1070387624
1070387504
1070387384
1070387264
1070387144
1070387024
1070386904
1070386784
1070386664
1070386544
1070386424
1070386304
1070386184
1070386064
1070385944
1070385824
1070385704
1070385584
1070385464
1070385344
1070385224
1070385104
1070384984
1070384864
1070384744
1070384624
1070384504
1070384384
1070384264
1070384144
1070384024
1070383904
1070383784
1070383664
1070383544
1070383424
1070383304
1070383184
1070383064
1070382944
1070382824
1070382704
1070382584
1070382464
1070382344
1070382224
1070381864
1070381744
1070381624
1070381504
1070381384
1070381264
1070381144
1070381024
1070380904
1070380784
1070380664
1070380544
1070380424
1070380304
1070380184
1070380064
1070379944
1070379824
1070379704
1070379584
1070379464
1070379344
1070379224
1070379104
1070378984
1070378864
1070378744
1070378624
1070378504
1070378384
1070378264
1070378144
1070378024
1070377904
1070377784
1070377664
1070377544
1070377424
1070377304
1070377184
1070377064
1070376944
1070376824
1070376704
1070376584
1070376464
1070376344
1070376224
1070376104
1070375984
1070375864
1070375744
1070375624
1070375504
1070375384
1070375264
1070375144
1070375024
1070374904
1070374784
1070374664
1070374304
1070374184
1070374064
1070373944
1070373824
1070373704
1070373584
1070373464
1070373344
1070373224
1070373104
1070372984
1070372864
1070372744
1070372624
1070372504
1070372384
1070372264
1070372144
1070372024
1070371904
1070371784
1070371664
1070371544
1070371424
1070371304
1070371184
1070371064
1070370944
1070370824
1070370704
1070370584
1070370464
1070370344
1070370224
1070370104
1070369984
1070369864
1070369744
1070369624
1070369504
1070369384
1070369264
1070369144
1070369024
1070368904
1070368784
1070368664
1070368544
1070368424
1070368304
1070368184
1070368064
1070367944
1070367824
1070367704
1070367584
1070367464
1070367344
1070367224
1070367104
1065994616
1065994496
1065994376
1065994256
1065994136
1065994016
1065993896
1065993776
1065993656
1065993536
1065993416
1065993296
1065993176
1065993056
1065992936
1065992816
1065992696
1065992576
1065992456
1065992336
1065992216
1065992096
1065991976
1065991856
1065991736
1065991616
1065991496
1065991376
1065991256
1065991136
1065991016
1065990896
1065990776
1065990656
1065990536
1065990416
1065990296
1065990176
1065990056
1065989936
1065989816
1065989696
1065989576
1065989456
1065989336
1065989216
1065989096
1065988976
1065988856
1065988736
1065988616
1065988256
1065988136
1065988016
1065987896
1065987776
1065987656
1065987536
1065987416
1065987296
1065987176
1065987056
1065986936
1065986816
1065986696
1065986576
1065986456
1065986336
1065986216
1065986096
1065985976
1065985856
1065985736
1065985616
1065985496
1065985376
1065985256
1065985136
1065985016
1065984896
1065984776
1065984656
1065984536
1065984416
1065984296
1065984176
1065984056
1065983936
1065983816
1065983696
1065983576
1065983456
1065983336
1065983216
1065983096
1065982976
1065982856
1065982736
1065982616
1065982496
1065982376
1065982256
1065982136
1065982016
1065981896
1065981776
1065981656
1065981536
1065981416
1065981296
1065981176
1065981056
1065980696
1065980576
1065980456
1065980336
1065980216
1065980096
1065979976
1065979856
1065979736
1065979616
1065979496
1065979376
1065979256
1065979136
1065979016
1065978896
1065978776
1065978656
1065978536
1065978416
1065978296
1065978176
1065978056
1065977936
1065977816
1065977696
1065977576
1065977456
1065977336
1065977216
1065977096
1065976976
1065976856
1065976736
1065976616
1065976496
1065976376
1065976256
1065976136
1065976016
1065975896
1065975776
1065975656
1065975536
1065975416
1065975296
1065975176
1065975056
1065974936
1065974816
1065974696
1065974576
1065974456
1065974336
1065974216
1065974096
1065973976
1065973856
1065973736
1065973616
1065973496
1065973136
1065973016
1065972896
1065972776
1065972656
1065972536
1065972416
1065972296
1065972176
1065972056
1065971936
1065971816
1065971696
1065971576
1065971456
1065971336
1065971216
1065971096
1065970976
1065970856
1065970736
1065970616
1065970496
1065970376
1065970256
1065970136
1065970016
1065969896
1065969776
1065969656
1065969536
1065969416
1065969296
1065969176
1065969056
1065968936
1065968816
1065968696
1065968576
1065968456
1065968336
1065968216
1065968096
1065967976
1065967856
1065967736
1065967616
1065967496
1065967376
1065967256
1065967136
1065967016
1065966896
1065966776
1065966656
1065966536
1065966416
1065966296
1065966176
1065966056
1065965936
1065965560
1063402136
1063402016
1063401896
1063401776
1063401656
1063401536
1063401416
1063401296
1063401176
1063401056
1063400936
1063400816
1063400696
1063400576
1063400456
1063400336
1063400216
1063400096
1063399976
1063399856
1063399736
1063399616
1063399496
1063399376
1063399256
1063399136
1063399016
1063398896
1063398776
1063398656
1063398536
1063398416
1063398296
1063398176
1063398056
1063397936
1063397816
1063397696
1063397576
1063397456
1063397336
1063397216
1063397096
1063396976
1063396856
1063396736
1063396616
1063396496
1063396376
1063396256
1063396136
1063395776
1063395656
1063395536
1063395416
1063395296
1063395176
1063395056
1063394936
1063394816
1063394696
1063394576
1063394456
1063394336
1063394216
1063394096
1063393976
1063393856
1063393736
1063393616
1063393496
1063393376
1063393256
1063393136
1063393016
1063392896
1063392776
1063392656
1063392536
1063392416
1063392296
1063392176
1063392056
1063391936
1063391816
1063391696
1063391576
1063391456
1063391336
1063391216
1063391096
1063390976
1063390856
1063390736
1063390616
1063390496
1063390376
1063390256
1063390136
1063390016
1063389896
1063389776
1063389656
1063389536
1063389416
1063389296
1063389176
1063389056
1063388936
1063388816
1063388696
1063388576
1063388216
1063388096
1063387976
1063387856
1063387736
1063387616
1063387496
1063387376
1063387256
1063387136
1063387016
1063386896
1063386776
1063386656
1063386536
1063386416
1063386296
1063386176
1063386056
1063385936
1063385816
1063385696
1063385576
1063385456
1063385336
1063385216
1063385096
1063384976
1063384856
1063384736
1063384616
1063384496
1063384376
1063384256
1063384136
1063384016
1063383896
1063383776
1063383656
1063383536
1063383416
1063383296
1063383176
1063383056
1063382936
1063382816
1063382696
1063382576
1063382456
1063382336
1063382216
1063382096
1063381976
1063381856
1063381736
1063381616
1063381496
1063381376
1063381256
1063381136
1063381016
1063380656
1063380536
1063380416
1063380296
1063380176
1063380056
1063379936
1063379816
1063379696
1063379576
1063379456
1063379336
1063379216
1063379096
1063378976
1063378856
1063378736
1063378616
1063378496
1063378376
1063378256
1063378136
1063378016
1063377896
1063377776
1063377656
1063377536
1063377416
1063377296
1063377176
1063377056
1063376936
1063376816
1063376696
1063376576
1063376456
1063376336
1063376216
1063376096
1063375976
1063375856
1063375736
1063375616
1063375496
1063375376
1063375256
1063375136
1063375016
1063374896
1063374776
1063374656
1063374536
1063374416
1063374296
1063374176
1063374056
1063373936
1063373816
1063373696
1063373576
1063373456
