1077916368
1077915776
1077915176
1077914568
1077913976
1077913376
1077912768
1077911576
1077910968
1077910376
1077909776
1077909168
1077908576
1077907976
1077907368
1077906776
1077906176
1077905568
1077904976
1077903768
1077903176
1077902576
1077901968
1077901376
1077900776
1077900168
1077899576
1077898976
1077898368
1077897776
1077897176
1077895968
1077895376
1077894768
1077894168
1077893576
1077892968
1077892368
1077891776
1077891168
1077890568
1077889976
1077889368
1077888176
1077887568
1077886968
1077886376
1077885768
1077885168
1077884576
1077883968
1077883368
1077882776
1077882168
1077881568
